{
 "cells": [
  {
   "cell_type": "code",
   "execution_count": 1,
   "id": "cd2a2919",
   "metadata": {},
   "outputs": [
    {
     "data": {
      "text/plain": [
       "array([[ 1. ,  1. ,  1.2],\n",
       "       [ 1. ,  2. ,  2.1],\n",
       "       [ 1. ,  3. ,  3.1],\n",
       "       [ 1. ,  4. ,  4.1],\n",
       "       [ 1. ,  5. ,  5. ],\n",
       "       [ 1. ,  6. ,  6. ],\n",
       "       [ 1. ,  7. ,  7. ],\n",
       "       [ 1. ,  8. ,  8. ],\n",
       "       [ 1. ,  9. ,  9.1],\n",
       "       [ 1. , 10. , 10.2]])"
      ]
     },
     "execution_count": 1,
     "metadata": {},
     "output_type": "execute_result"
    }
   ],
   "source": [
    "import numpy as np\n",
    "arr = np.array([[1,1,1,1,1,1,1,1,1,1],[1, 2, 3, 4, 5, 6, 7, 8, 9, 10],[1.2, 2.1, 3.1, 4.1, 5.0, 6.0, 7.0, 8.0, 9.1, 10.2]]).T\n",
    "arr"
   ]
  },
  {
   "cell_type": "code",
   "execution_count": 2,
   "id": "884b705b",
   "metadata": {},
   "outputs": [
    {
     "data": {
      "text/plain": [
       "np.float64(29104.197363314786)"
      ]
     },
     "execution_count": 2,
     "metadata": {},
     "output_type": "execute_result"
    }
   ],
   "source": [
    "np.linalg.cond(np.dot(arr.T,arr))"
   ]
  },
  {
   "cell_type": "code",
   "execution_count": 3,
   "id": "8d430843",
   "metadata": {},
   "outputs": [
    {
     "data": {
      "text/plain": [
       "array([[  0.67713004,   1.89686099,  -1.97309417],\n",
       "       [  1.89686099,  18.3309417 , -18.40807175],\n",
       "       [ -1.97309417, -18.40807175,  18.49775785]])"
      ]
     },
     "execution_count": 3,
     "metadata": {},
     "output_type": "execute_result"
    }
   ],
   "source": [
    "np.linalg.inv(np.dot(arr.T,arr))"
   ]
  },
  {
   "cell_type": "code",
   "execution_count": null,
   "id": "7020b1b0",
   "metadata": {},
   "outputs": [],
   "source": []
  }
 ],
 "metadata": {
  "kernelspec": {
   "display_name": "Python (dl_env)",
   "language": "python",
   "name": "dl_env"
  },
  "language_info": {
   "codemirror_mode": {
    "name": "ipython",
    "version": 3
   },
   "file_extension": ".py",
   "mimetype": "text/x-python",
   "name": "python",
   "nbconvert_exporter": "python",
   "pygments_lexer": "ipython3",
   "version": "3.12.3"
  }
 },
 "nbformat": 4,
 "nbformat_minor": 5
}
